1, 38 127 2;
3, 43 127 2;
5, 43 127 2;
7, 41 127 2;

9, 38 127 2;
11, 43 127 2;
13, 43 127 2;
15, 41 127 2;

17, 38 127 2;
19, 41 127 2;
21, 43 127 2;
23, 45 127 2;

25, 46 127 1;
26, 45 127 1;
27, 43 127 2;
29, 45 127 2;
31, 41 127 2;

33, 38 127 2;
35, 43 127 2;
37, 43 127 2;
39, 41 127 2;

41, 38 127 2;
43, 43 127 2;
45, 43 127 2;
47, 41 127 2;

49, 38 127 2;
51, 36 127 2;
53, 34 127 2;
55, 36 127 2;

57, 34 127 2;
59, 33 127 2;
61, 34 127 2;
63, 33 127 2;


65, 38 127 2;
67, 43 127 2;
69, 43 127 2;
71, 41 127 2;

73, 38 127 2;
75, 43 127 2;
77, 43 127 2;
79, 41 127 2;

81, 38 127 2;
83, 41 127 2;
85, 43 127 2;
87, 45 127 2;

89, 46 127 1;
90, 45 127 1;
91, 43 127 2;
93, 45 127 2;
95, 48 127 2;

97, 50 127 2;
99, 48 127 2;
101, 46 127 2;
103, 48 127 2;

105, 46 127 2;
107, 45 127 2;
109, 43 127 2;
111, 41 127 2;

113, 38 127 2;
115, 43 127 2;
117, 43 127 2;
119, 41 127 2;

121, 43 127 2;
123, 45 127 2;
125, 46 127 2;
127, 48 127 2; 