1, 50 127 2;
3, 43 100 2;
5, 43 100 2;
7, 48 127 2;

9, 43 100 2;
11, 43 100 2;
13, 46 127 2;
15, 43 100 2;

17, 43 100 2;
19, 45 127 2;
21, 43 100 2;
23, 43 100 2;

25, 43 127 2;
27, 45 127 2;
29, 46 127 2;
31, 48 127 2;


33, 50 127 2;
35, 41 100 2;
37, 41 100 2;
39, 48 127 2;

41, 41 100 2;
43, 41 100 2;
45, 46 127 2;
47, 41 100 2;

49, 41 100 2;
51, 45 127 2;
53, 41 100 2;
55, 41 100 2;

57, 43 127 2;
59, 45 127 2;
61, 46 127 2;
63, 48 127 2;




65, 50 127 2;
67, 39 100 2;
69, 39 100 2;
71, 48 127 2;

73, 39 100 2;
75, 39 100 2;
77, 46 127 2;
79, 39 100 2;

81, 39 100 2;
83, 45 127 2;
85, 39 100 2;
87, 39 100 2;

89, 43 127 2;
91, 45 127 2;
93, 46 127 2;
95, 48 127 2;




97, 50 127 2;
99, 48 127 2;
101, 46 127 2;
103, 48 127 2;

105, 46 127 2;
107, 45 127 2;
109, 43 127 2;
111, 41 127 2;

113, 38 127 2;
115, 43 127 2;
117, 43 127 2;
119, 41 127 2;

121, 43 127 2;
123, 45 127 2;
125, 46 127 2;
127, 48 127 2; 